0,0,4,1,0,0,0,0,1,17
0,0,2,1,1,3,1,0,2,17
4,2,2,5,2,3,1,1,6,42
1,1,5,5,8,3,9,6,7,63
0,1,2,8,0,3,2,8,5,25
0,3,3,3,3,0,12,22,8,41
0,1,1,9,2,12,8,17,19,74
0,0,1,6,8,22,17,19,34,75
1,2,6,7,5,8,19,34,10,43
17,17,42,63,25,41,74,75,43,36
